0.0858558
0.0858558
0.0858558
0.0858558
0.108619
0.0858558
0.0858558
0.0879485
0.0858558
0.0858558
0.0858558
0.0858558
0.0858558
0.0858558
0.0888986
0.0858558
0.106159
0.0858558
0.0858558
0.0888804
0.0858558
0.0858558
0.0858558
0.0858558
0.0858558
0.0858558
0.0858558
0.111758
0.0858558
0.0896428
0.0858558
0.0858558
0.0858558
0.0909298
0.0858558
0.0858558
0.0858558
0.0888986
0.088303
0.0858558
0.0858558
0.0906584
0.0858558
0.0858558
0.0874312
0.0858558
0.0858558
0.0858558
0.137031
0.110171
0.0858558
0.0858558
0.0858558
0.0858558
0.0858558
0.0858558
0.0999878
0.119967
0.0858558
0.0979703
0.0926656
0.0874312
0.109602
0.123479
0.0895493
0.0858558
0.0858558
0.0858558
0.0937337
0.0858558
0.0858558
0.0858558
0.110171
0.0911579
0.0879485
0.105496
0.0858558
0.0858558
0.0858558
0.0896428
0.0858558
0.0858558
0.0898133
0.108933
0.10365
0.0858558
0.0874312
0.0858558
0.0960657
0.0858558
0.0858558
0.0858558
0.0879485
0.0858558
0.0858558
0.0858558
0.105496
0.0858558
0.0960657
0.0896428
0.0858558
0.0858558
0.0858558
0.0896428
0.0858558
0.0858558
0.108711
0.0909903
0.0858558
0.0858558
0.0912356
0.0999878
0.0858558
0.0858558
0.0858558
0.122101
0.0858558
0.0858558
0.0858558
0.108043
0.0858558
0.0858558
0.0858558
0.0858558
0.0858558
0.0898133
0.110794
0.0858558
0.0858558
0.0896428
0.115524
0.108043
0.0858558
0.0858558
0.0888804
0.105788
0.0858558
0.0858558
0.105788
0.0881721
0.0858558
0.0896428
0.0858558
0.0858558
0.0896748
0.0858558
0.0858558
0.108043
0.0858558
0.0986694
0.0858558
0.105788
0.0858558
0.0896428
0.0858558
0.10365
0.0858558
0.104833
0.0888986
0.0858558
0.0858558
0.0858558
0.0858558
0.0858558
0.0874312
0.11102
0.108043
0.0858558
0.0999878
0.0858558
0.0858558
0.104833
0.0874312
0.110837
0.0883327
0.0858558
0.0858558
0.108043
0.0901145
0.110837
0.0858558
0.105788
0.0926656
0.11425
0.0858558
0.105788
0.122103
0.0858558
0.0858558
0.0858558
0.0979703
0.0858558
0.0858558
0.0915569
0.108043
0.0858558
0.123311
0.0858558
0.0858558
0.0858558
0.0858558
0.0896428
0.0918605
0.137838
0.0858558
0.0858558
0.0858558
0.105496
0.0858558
0.0858558
0.116597
0.0858558
0.0858558
0.104391
0.0910053
0.0858558
0.0895097
0.0858558
0.0858558
0.0858558
0.0858558
0.0858558
0.0858558
0.0896428
0.0906584
0.0858558
0.0892908
0.0896467
0.0858558
0.0858558
0.0858558
0.0858558
0.0888986
0.18372
0.108043
0.108043
0.0896428
0.104833
0.0858558
0.0858558
0.0858558
0.0858558
0.0858558
0.0910053
0.0858558
0.146456
0.108364
0.0858558
0.0858558
0.0858558
0.110765
0.109602
0.0858558
0.0879485
0.105496
0.0858558
0.0906584
0.105496
0.124618
0.0858558
0.0858558
0.11264
0.0858558
0.0858558
0.0915569
0.0858558
0.0858558
0.0941317
0.0858558
0.204329
0.0858558
0.0915569
0.0915569
0.108043
0.0910053
0.0858558
0.11205
0.0926656
0.0896428
0.108043
0.0858558
0.0877886
0.0858558
0.0858558
0.0896428
0.110891
0.0858558
0.0858558
0.0858558
0.0910053
0.0858558
0.0858558
0.204329
0.120388
0.11622
0.109602
0.108043
0.0858558
0.120388
0.0858558
0.0858558
0.0858558
0.0858558
0.104595
0.0858558
0.0896428
0.108043
0.0858558
0.0979703
0.124888
0.108043
0.0892908
0.0858558
0.0858558
0.102659
0.0975486
0.0960657
0.11234
0.0858558
0.108043
0.0983415
0.106397
0.0858558
0.0858558
0.108043
0.0874312
0.0858558
0.0858558
0.105225
0.0896428
0.0900294
0.0858558
0.0858558
0.0858558
0.0895493
0.104595
0.113506
0.0858558
0.0999878
0.0858558
0.0896428
0.0858558
0.0858558
0.0896428
0.104595
0.0883327
0.153487
0.0894098
0.124888
0.0858558
0.0858558
0.117466
0.104022
0.0881425
0.0858558
0.117466
0.0896428
0.108043
0.0858558
0.0858558
0.0858558
0.0858558
0.0975486
0.0858558
0.0858558
0.0858558
0.105496
0.108043
0.0874312
0.0858558
0.0894098
0.100348
0.0913138
0.090054
0.0858558
0.0858558
0.0858558
0.0858558
0.0995111
0.0896467
0.0858558
0.0882476
0.0858558
0.0858558
0.0877886
0.0874312
0.0858558
0.0858558
0.130679
0.108043
0.105496
0.108043
0.0858558
0.110785
0.0858558
0.0858558
0.0915569
0.0858558
0.0941317
0.0926656
0.0893342
0.0858558
0.0979703
0.108043
0.0858558
0.0858558
0.0896428
0.124618
0.0881606
0.0858558
0.0858558
0.0858558
0.0858558
0.105496
0.0858558
0.0910053
0.0896428
0.0858558
0.0995111
0.0896428
0.088303
0.0858558
0.0926656
0.0858558
0.0896428
0.0858558
0.0858558
0.105496
0.0858558
0.0858558
0.170153
0.108043
0.0995111
0.0918605
0.0896428
0.176394
0.119967
0.086523
0.113185
0.0858558
0.108043
0.0858558
0.0858558
0.0910053
0.0858558
0.0858558
0.0979703
0.108161
0.108043
0.0903959
0.132935
0.110765
0.115255
0.108933
0.108933
0.0858558
0.0900294
0.117466
0.109549
0.0895493
0.0858558
0.0888804
0.0858558
0.0858558
0.108664
0.0926656
0.0858558
0.0877886
0.0896428
0.0896428
0.0910053
0.116493
0.0896428
0.0858558
0.0858558
0.105496
0.0858558
0.109549
0.0858558
0.0877886
0.0896428
0.108043
0.0858558
0.0858558
0.0895097
0.090054
0.0896428
0.0858558
0.0858558
0.0858558
0.0858558
0.0858558
0.0858558
0.0926656
0.0874312
0.0858558
0.0858558
0.0885159
0.0896428
0.0858558
0.104166
0.0858558
0.0896428
0.0858558
0.0858558
0.195175
0.0896428
0.108043
0.0858558
0.0896428
0.0858558
0.0926656
0.105788
0.108043
0.0858558
0.0858558
0.0858558
0.0858558
0.0858558
0.108043
0.0858558
0.0858558
0.175183
0.0910053
0.0858558
0.11152
0.108933
0.0858558
0.0886329
0.0858558
0.0896467
0.0896428
0.117646
0.105788
0.0896428
0.0858558
0.0858558
0.0896686
0.0896428
0.0858558
0.0858558
0.109549
0.0896428
0.0858558
0.0915569
0.0858558
0.0858558
0.0858558
0.108043
0.150405
0.108043
0.0858558
0.0896428
0.0858558
0.0858558
0.111174
0.0858558
0.108043
0.0858558
0.0874312
0.0858558
0.0896428
0.0979703
0.0896467
0.0858558
0.108043
0.271199
0.0858558
0.0858558
0.0858558
0.108043
0.0877886
0.0858558
0.0858558
0.111747
0.0858558
0.0896428
0.113506
0.0858558
0.108043
0.0874312
0.0858558
0.108043
0.0858558
0.0858558
0.0858558
0.0918605
0.0858558
0.0874312
0.0877886
0.0858558
0.109549
0.10768
0.0877886
0.0896428
0.0896167
0.0858558
0.0858558
0.0858558
0.0926656
0.0896428
0.108043
0.110557
0.0882476
0.0858558
0.0896428
0.111401
0.0858558
0.0858558
0.0858558
0.0858558
0.0975486
0.0858558
0.102994
0.0896428
0.0858558
0.109899
0.0926656
0.0881425
0.0858558
0.0858558
0.0858558
0.0896428
0.108561
0.0910053
0.0858558
0.0896428
0.0918605
0.119967
0.0858558
0.0896428
0.147772
0.110557
0.0858558
0.0858558
0.0858558
0.222801
0.0858558
0.108561
0.109602
0.0858558
0.0896428
0.10395
0.0937425
0.10395
0.109899
0.0858558
0.117804
0.0896428
0.10395
0.0858558
0.104833
0.142555
0.0885237
0.0882476
0.0858558
0.0896428
0.166437
0.0899
0.108043
0.0858558
0.0858558
0.104595
0.0858558
0.0896428
0.0858558
0.110557
0.114555
0.108347
0.104912
0.0858558
0.0858558
0.0896428
0.108043
0.109284
0.0858558
0.110557
0.0858558
0.0858558
0.114555
0.105496
0.0858558
0.110557
0.0858558
0.0901145
0.0858558
0.0858558
0.109899
0.0858558
0.0858558
0.0881606
0.0858558
0.0896428
0.105496
0.0858558
0.0858558
0.0858558
0.108043
0.136491
0.108043
0.0858558
0.108043
0.110304
0.0858558
0.0896428
0.0858558
0.0874312
0.0915202
0.0858558
0.0858558
0.0858558
0.0858558
0.0858558
0.0896428
0.109602
0.111174
0.0858558
0.0894098
0.0858558
0.0874312
0.0858558
0.106531
0.0858558
0.0979703
0.0858558
0.181949
0.0896345
0.109602
0.0858558
0.0910053
0.106661
0.108043
0.0910053
0.0858558
0.0885237
0.0858558
0.0896428
0.0858558
0.122794
0.0896428
0.0896428
0.0858558
0.11205
0.0858558
0.0874312
0.108043
0.0896428
0.0858558
0.108043
0.0896428
0.0896428
0.111758
0.0888986
0.0858558
0.0896428
0.0858558
0.0896428
0.0858558
0.147772
0.104595
0.0865963
0.104595
0.0858558
0.111348
0.0877886
0.108043
0.0858558
0.0858558
0.0858558
0.0858558
0.0896428
0.0933687
0.204441
0.108043
0.111981
0.0896428
0.0858558
0.0858558
0.0896428
0.0896428
0.0877886
0.108043
0.0858558
0.0896428
0.0858558
0.105496
0.0858558
0.0858558
0.108043
0.0880095
0.105496
0.0865963
0.105788
0.0858558
0.0858558
0.0881721
0.0903657
0.0896502
0.0896428
0.0858558
0.0858558
0.0858558
0.0858558
0.0858558
0.0858558
0.0858558
0.0858558
0.105198
0.0858558
0.0858558
0.0858558
0.108043
0.0858558
0.0858558
0.21142
0.0858558
0.0858558
0.0896428
0.0858558
0.108043
0.105496
0.0910053
0.0874312
0.108043
0.0858558
0.111348
0.0896428
0.0858558
0.0915569
0.0858558
0.0858558
0.0858558
0.105496
0.0874312
0.0926656
0.10365
0.0896428
0.0858558
0.0858558
0.0858558
0.0896428
0.0896428
0.0877886
0.0858558
0.0858558
0.0858558
0.0899768
0.0896428
0.108691
0.0858558
0.0858558
0.0896345
0.0858558
0.0858558
0.0858558
0.0896428
0.0858558
0.0937425
0.0883327
0.0858558
0.104833
0.110765
0.0858558
0.104595
0.0858558
0.0858558
0.0896428
0.0858558
0.0896428
0.14397
0.106073
0.0858558
0.0858558
0.0896502
0.0858558
0.0858558
0.0858558
0.0896428
0.0896428
0.0896428
0.0915569
0.0858558
0.0858558
0.108711
0.108043
0.0858558
0.0858558
0.0960657
0.0915569
0.0960657
0.0896428
0.0858558
0.0858558
0.0858558
0.0858558
0.108043
0.100572
0.106183
0.0918605
0.0858558
0.0858558
0.0858558
0.0874312
0.141758
0.0858558
0.0858558
0.119967
0.0896428
0.0874312
0.0896428
0.0918605
0.115907
0.0896428
0.154436
0.0858558
0.0896428
0.0896502
0.108043
0.119585
0.107957
0.154436
0.0896428
0.112677
0.0858558
0.0858558
0.0858558
0.0858558
0.0858558
0.108043
0.0896428
0.0896725
0.105496
0.0874312
0.0858558
0.128809
0.116438
0.108043
0.0896428
0.108043
0.0896428
0.0858558
0.0858558
0.104595
0.105496
0.0858558
0.0900294
0.0971734
0.107957
0.0858558
0.0896428
0.105496
0.0879485
0.0858558
0.0937425
0.0858558
0.0896428
0.0896428
0.108043
0.0858558
0.108043
0.0896428
0.0896428
0.096225
0.105496
0.258774
0.0858558
0.0896428
0.0858558
0.0904242
0.0858558
0.108043
0.108043
0.105496
0.0874312
0.0858558
0.0858558
0.0909274
0.0858558
0.0896428
0.096225
0.0858558
0.0874312
0.0858558
0.0896428
0.0858558
0.0898133
0.0888986
0.0926656
0.0858558
0.0910053
0.0858558
0.120388
0.0858558
0.0858558
0.129516
0.0896428
0.0858558
0.089788
0.0896428
0.0858558
0.0894098
0.0858558
0.0858558
0.0896428
0.0858558
0.172187
0.0909903
0.105788
0.0897346
0.0858558
0.0858558
0.0901145
0.0858558
0.0896428
0.0960657
0.0910053
0.107731
0.0858558
0.0858558
0.106397
0.0858558
0.0858558
0.0858558
0.110837
0.0858558
0.0903959
0.0858558
0.0858558
0.0858558
0.0915569
0.0858558
0.11802
0.110304
0.109452
0.0877886
0.0898719
0.0897346
0.0858558
0.108043
0.0858558
0.097528
0.0858558
0.0858558
0.0858558
0.0858558
0.105496
0.0858558
0.0858558
0.119967
0.0858558
0.108933
0.0896428
0.15585
0.0858558
0.108043
0.0858558
0.0858558
0.0896428
0.0983415
0.0880095
0.0896467
0.0858558
0.0858558
0.097528
0.0896428
0.0874312
0.0896428
0.0858558
0.111401
0.108043
0.107281
0.11083
0.109549
0.0896428
0.105496
0.0858558
0.0896428
0.108043
0.0858558
0.105496
0.108933
0.11083
0.0999878
0.0858558
0.0858558
0.0858558
0.110583
0.0960779
0.0900259
0.0960779
0.0858558
0.11802
0.0937382
0.0937382
0.0926656
0.0896428
0.0858558
0.0858558
0.0911579
0.10365
0.120218
0.0858558
0.0858558
0.111348
0.220987
0.116438
0.0858558
0.0858558
0.0858558
0.0896428
0.108043
0.0858558
0.0858558
0.105788
0.0858558
0.108043
0.108043
0.105496
0.108043
0.0858558
0.0896428
0.0896428
0.108043
0.0896428
0.0895152
0.0858558
0.0858558
0.126156
0.0874312
0.0858558
0.105496
0.0895493
0.111401
0.0865963
0.0913138
0.0858558
0.0858558
0.0915569
0.0858558
0.0900294
0.116526
0.0858558
0.0858558
0.0937425
0.104595
0.0989241
0.119642
0.137838
0.0896428
0.0858558
0.0858558
0.0858558
0.0874312
0.0858558
0.0858558
0.0858558
0.0979703
0.0888986
0.0858558
0.0858558
0.0858558
0.0858558
0.0858558
0.0896428
0.0858558
0.108043
0.0915569
0.0858558
0.0858558
0.108043
0.0881425
0.0877886
0.108043
0.0896428
0.0915569
0.0858558
0.0858558
0.0910053
0.133242
0.0915569
0.0896467
0.0874312
0.0858558
0.105496
0.108043
0.0937425
0.0858558
0.0975486
0.108043
0.0858558
0.108043
0.0858558
0.0910053
0.108043
0.0858558
0.0865963
0.0896428
0.0858558
0.0975486
0.105788
0.0906584
0.0896428
0.0858558
0.0896428
0.119967
0.0918605
0.106183
0.100322
0.108043
0.111987
0.0858558
0.0896428
0.0858558
0.0896428
0.0926656
0.0858558
0.0858558
0.0858558
0.0896428
0.0896428
0.0979703
0.109283
0.108043
0.089788
0.105198
0.0882476
0.104595
0.107644
0.0858558
0.0858558
0.0858558
0.108043
0.0858558
0.097528
0.0918605
0.0893342
0.0858558
0.110171
0.119967
0.0858558
0.0858558
0.0858558
0.108043
0.0858558
0.107957
0.089788
0.0858558
0.0903657
0.0896428
0.0896428
0.0858558
0.0858558
0.0858558
0.0858558
0.0858558
0.118669
0.0918605
0.0952494
0.0896502
0.0865963
0.111138
0.0995111
0.0896428
0.0899768
0.107957
0.0858558
0.105496
0.0975486
0.192826
0.108043
0.0858558
0.131538
0.113265
0.0858558
0.0865963
0.0896428
0.0926656
0.0926656
0.0915202
0.0988881
0.0858558
0.112401
0.0896428
0.108933
0.0896428
0.0858558
0.136491
0.0858558
0.0858558
0.108933
0.108043
0.0885237
0.0858558
0.105496
0.0858558
0.0896428
0.108561
0.0858558
0.0877886
0.0858558
0.108043
0.0858558
0.0909903
0.105788
0.0858558
0.0858558
0.147772
0.0858558
0.103415
0.0917909
0.0858558
0.0858558
0.0858558
0.108043
0.0999878
0.108043
0.0937425
0.0858558
0.0858558
0.105496
0.0918605
0.0858558
0.116526
0.0858558
0.0895493
0.119967
0.0858558
0.0896428
0.0858558
0.108933
0.0858558
0.0917909
0.119215
0.0858558
0.0937425
0.0858558
0.0896428
0.0915569
0.0858558
0.0858558
0.119967
0.0915569
0.0896428
0.133358
0.221538
0.0858558
0.221538
0.0858558
0.0858558
0.0937425
0.0858558
0.0896428
0.0888986
0.0858558
0.0858558
0.128575
0.108043
0.0896428
0.0896467
0.0858558
0.0896428
0.0858558
0.0858558
0.196542
0.0858558
0.0888804
0.120731
0.0858558
0.0999878
0.0858558
0.0918605
0.109549
0.105496
0.0998966
0.108043
0.108025
0.0858558
0.0896428
0.106685
0.0858558
0.173825
0.0877886
0.0858558
0.0910053
0.0858558
0.0858558
0.105496
0.0858558
0.0858558
0.0858558
0.0858558
0.0874312
0.0858558
0.0858558
0.0896428
0.0858558
0.0858558
0.105496
0.0858558
0.110557
0.0920606
0.0858558
0.0909903
0.105496
0.107957
0.0896428
0.0858558
0.0937425
0.0909274
0.0858558
0.0858558
0.0858558
0.0892908
0.0858558
0.0858558
0.0899
0.105496
0.112402
0.0858558
0.0905243
0.0858558
0.0858558
0.0858558
0.0933687
0.109602
0.0858558
0.0858558
0.108043
0.154707
0.096225
0.0874312
0.0904242
0.0896428
0.0905243
0.0858558
0.0896428
0.105496
0.0896428
0.0858558
0.0858558
0.109602
0.109602
0.0858558
0.0896428
0.130386
0.15825
0.0896428
0.105496
0.105496
0.0858558
0.0858558
0.112058
0.0979703
0.105496
0.0979075
0.0895724
0.0858558
0.108043
0.0858558
0.0858558
0.0858558
0.108043
0.0915569
0.0881425
0.0896428
0.0858558
0.108043
0.0896428
0.096225
0.1352
0.0858558
0.0906584
0.0915569
0.0858558
0.0915569
0.105496
0.0877886
0.0906584
0.0858558
0.0917909
0.0858558
0.0858558
0.112058
0.0877886
0.0858558
0.105496
0.0858558
0.0858558
0.0858558
0.107818
0.0896428
0.110891
0.0979703
0.0858558
0.0858558
0.0858558
0.0979703
0.113462
0.0858558
0.0858558
0.0858558
0.0906584
0.0858558
0.108043
0.0883939
0.108043
0.0926656
0.111138
0.104912
0.0858558
0.11205
0.0858558
0.0896428
0.137138
0.0896428
0.0896428
0.108933
0.0896467
0.105496
0.105496
0.0858558
0.0858558
0.0858558
0.0888804
0.1015
0.105496
0.0858558
0.0858558
0.0858558
0.0858558
0.105496
0.0858558
0.0896428
0.0858558
0.0858558
0.108043
0.0858558
0.0877886
0.108043
0.0858558
0.0979703
0.0896428
0.0874312
0.108043
0.0915202
0.0858558
0.0858558
0.0858558
0.118212
0.0896428
0.0860982
0.110171
0.105496
0.105496
0.0858558
0.105496
0.0896428
0.108043
0.109899
0.0858558
0.111647
0.105496
0.0858558
0.0858558
0.148044
0.137138
0.184388
0.104595
0.0896428
0.0912356
0.088303
0.105496
0.108347
0.0896428
0.0858558
0.0858558
0.0858558
0.0960657
0.0858558
0.0858558
0.105496
0.096225
0.0858558
0.109899
0.0910053
0.109602
0.0975486
0.0896428
0.0858558
0.0874312
0.0896428
0.0858558
0.0858558
0.0858558
0.108561
0.0896428
0.108043
0.109602
0.137138
0.0858558
0.0858558
0.0858558
0.110765
0.0858558
0.0858558
0.0874312
0.0858558
0.088303
0.0915569
0.0921503
0.0874312
0.0975486
0.0858558
0.0858558
0.0910053
0.0874312
0.105496
0.11107
0.0858558
0.0900259
0.0910053
0.0858558
0.108043
0.116438
0.0926656
0.0899056
0.0979703
0.0896428
0.108043
0.0858558
0.104833
0.0918605
0.0885237
0.0858558
0.0858558
0.0858558
0.0880095
0.108043
0.0885237
0.0858558
0.0896428
0.121433
0.0895493
0.0858558
0.0858558
0.108711
0.0858558
0.0900294
0.0896428
0.0858558
0.112058
0.0858558
0.0933687
0.0889102
0.0888986
0.0926656
0.0858558
0.0895493
0.108043
0.0858558
0.0858558
0.109602
0.0888986
0.0858558
0.0858558
0.0858558
0.0896428
0.0858558
0.0874312
0.0960657
0.0896467
0.0865963
0.0858558
0.0896428
0.0885237
0.0960657
0.0896428
0.0858558
0.113185
0.0858558
0.0896428
0.0858558
0.0926656
0.088303
0.0858558
0.105496
0.121433
0.105496
0.0858558
0.105496
0.0858558
0.108043
0.0915569
0.0858558
0.0896428
0.0896428
0.105496
0.0858558
0.0901145
0.108043
0.108043
0.0858558
0.0910053
0.106183
0.0858558
0.105496
0.0858558
0.100837
0.0926656
0.0858558
0.0858558
0.089788
0.108043
0.0995111
0.0858558
0.0858558
0.0874312
0.0858558
0.108043
0.0881425
0.116438
0.0858558
0.108043
0.114891
0.0858558
0.0898378
0.0975486
0.105496
0.0858558
0.108043
0.0858558
0.0858558
0.0896428
0.0858558
0.0858558
0.0858558
0.0858558
0.0895493
0.0896428
0.0937382
0.0896428
0.0896428
0.0937425
0.0865963
0.108043
0.0858558
0.0910053
0.108043
0.0858558
0.0959841
0.0858558
0.0896428
0.0858558
0.109602
0.0858558
0.108043
0.105496
0.0858558
0.0999878
0.0896428
0.0858558
0.0896428
0.0858558
0.0858558
0.108043
0.0858558
0.0858558
0.0858558
0.0896428
0.0858558
0.0858558
0.0858558
0.0858558
0.103415
0.0937382
0.110765
0.0896167
0.108043
0.0858558
0.105496
0.0858558
0.105496
0.0918605
0.108664
0.0896428
0.0896428
0.0858558
0.0877886
0.089788
0.108043
0.105496
0.0888804
0.118499
0.0858558
0.0858558
0.0999878
0.104166
0.117588
0.0858558
0.0858558
0.0898133
0.0858558
0.105496
0.0858558
0.108043
0.0896428
0.0858558
0.105788
0.0896428
0.0858558
0.093138
0.0858558
0.0858558
0.0900294
0.0858558
0.0874312
0.0917909
0.0858558
0.0896467
0.108043
0.115242
0.0858558
0.14149
0.0896428
0.118405
0.108578
0.0858558
0.0858558
0.0896428
0.0858558
0.0881425
0.0874312
0.109284
0.11494
0.0858558
0.089172
0.0907626
0.0881425
0.0858558
0.0858558
0.0858558
0.0979703
0.147772
0.0910053
0.0881425
0.105496
0.0858558
0.108043
0.0918605
0.110304
0.108043
0.125485
0.0918605
0.0858558
0.0896502
0.0910053
0.0858558
0.0999878
0.0858558
0.0858558
0.105496
0.0877886
0.109899
0.0858558
0.0858558
0.0896428
0.0858558
0.108043
0.0858558
0.0896428
0.0881425
0.0858558
0.0858558
0.125485
0.0858558
0.110304
0.105496
0.0888986
0.0858558
0.147772
0.105496
0.120043
0.0858558
0.0896428
0.108711
0.0858558
0.0858558
0.108043
0.0879485
0.0879485
0.147772
0.0858558
0.0858558
0.0858558
0.108043
0.0858558
0.104833
0.0858558
0.0896428
0.11152
0.0858558
0.0858558
0.0858558
0.0896502
0.125485
0.109899
0.0858558
0.0858558
0.0858558
0.0910053
0.105496
0.105496
0.0896428
0.0858558
0.121433
0.0896428
0.0858558
0.108043
0.0858558
0.0858558
0.101749
0.0888986
0.0858558
0.0896428
0.110304
0.0858558
0.0858558
0.0858558
0.0888986
0.0858558
0.0858558
0.0858558
0.0888804
0.0858558
0.0896428
0.0896428
0.105225
0.0918605
0.0906584
0.0858558
0.0858558
0.108844
0.0858558
0.0896748
0.0858558
0.0858558
0.0896428
0.108043
0.0858558
0.0858558
0.0937425
0.0896428
0.0858558
0.0888986
0.0874312
0.0896428
0.0858558
0.108043
0.108561
0.0896428
0.119967
0.0896428
0.0937425
0.0858558
0.108043
0.107957
0.0858558
0.0896428
0.0858558
0.0858558
0.0858558
0.0910053
0.108965
0.105496
0.0858558
0.0888986
0.0858558
0.0858558
0.0911579
0.0858558
0.0902579
0.0927752
0.0858558
0.0882476
0.0971734
0.0858558
0.097512
0.0858558
0.0960657
0.0995111
0.0895493
0.0858558
0.0858558
0.0910053
0.0964704
0.0896428
0.0896502
0.108043
0.0858558
0.0874312
0.0858558
0.0880095
0.102766
0.0858558
0.0896428
0.0910053
0.0896428
0.0858558
0.0858558
0.129293
0.0858558
0.113713
0.0858558
0.0858558
0.0858558
0.0858558
0.104833
0.0858558
0.105788
0.108561
0.0858558
0.0858558
0.0858558
0.0896428
0.0920606
0.0896428
0.0858558
0.0858558
0.0858558
0.100009
0.105496
0.135984
0.0858558
0.0858558
0.0858558
0.110213
0.0858558
0.108043
0.0858558
0.0918605
0.114304
0.0858558
0.0858558
0.0858558
0.131153
0.109602
0.0858558
0.0858558
0.16615
0.105788
0.0858558
0.0858558
0.0858558
0.0896428
0.0858558
0.0858558
0.0858558
0.0881425
0.0975486
0.0916886
0.0858558
0.113506
0.0877886
0.0926656
0.105496
0.0858558
0.0858558
0.0858558
0.0927752
0.0926656
0.0858558
0.0913138
0.124618
0.0858558
0.0896428
0.0858558
0.108043
0.0858558
0.0858558
0.0897346
0.0858558
0.0858558
0.105496
0.108043
0.120913
0.114698
0.157742
0.0882476
0.0858558
0.0910053
0.0877886
0.0896428
0.0896428
0.0858558
0.120913
0.11193
0.0858558
0.0858558
0.10365
0.0858558
0.0912356
0.0937382
0.0858558
0.0874312
0.0858558
0.0877886
0.0896428
0.0874312
0.0858558
0.0937382
0.112599
0.105496
0.0858558
0.0911579
0.0919654
0.0896428
0.0858558
0.0858558
0.0909274
0.0893342
0.0952494
0.113713
0.0858558
0.0882476
0.0874312
0.129563
0.105496
0.0909903
0.117324
0.0858558
0.107741
0.0858558
0.0858558
0.0858558
0.0999878
0.0858558
0.0896428
0.0896428
0.0858558
0.0909298
0.0896428
0.0858558
0.0858558
0.0858558
0.0858558
0.11569
0.0896428
0.108043
0.0883327
0.105496
0.118405
0.0858558
0.0858558
0.0896428
0.0858558
0.0858558
0.0896428
0.113713
0.111715
0.0858558
0.0858558
0.0915569
0.0858558
0.0896428
0.0896428
0.105496
0.0858558
0.0885159
0.089788
0.104595
0.0858558
0.0858558
0.0976961
0.109807
0.0952494
0.0858558
0.112889
0.0858558
0.0858558
0.108043
0.109899
0.105496
0.0937382
0.0858558
0.0896428
0.0858558
0.107957
0.105496
0.107957
0.0975486
0.20649
0.0858558
0.0896428
0.0874312
0.105496
0.0877886
0.0926656
0.0858558
0.0910053
0.0896428
0.11107
0.105496
0.0926656
0.109115
0.0858558
0.108933
0.0896428
0.106183
0.0858558
0.0858558
0.105829
0.0926656
0.0896428
0.0877886
0.0896428
0.111732
0.117804
0.0941317
0.0896428
0.0858558
0.121313
0.0858558
0.110794
0.108161
0.0874312
0.0858558
0.0920606
0.119967
0.0899
0.0858558
0.0914036
0.0999878
0.105496
0.0896428
0.104361
0.108043
0.108043
0.0858558
0.0926656
0.0858558
0.123267
0.0909298
0.0858558
0.256525
0.107957
0.0915569
0.107957
0.108043
0.109899
0.0896428
0.0858558
0.105496
0.0858558
0.116438
0.109549
0.0874312
0.108043
0.0896748
0.0858558
0.104185
0.0896428
0.0858558
0.0896428
0.185506
0.0858558
0.0877886
0.0896375
0.108043
0.0877886
0.0858558
0.0858558
0.0937382
0.0918605
0.0979703
0.0896502
0.0906584
0.111379
0.115558
0.136245
0.0880095
0.0896428
0.0858558
0.105496
0.145703
0.108043
0.108043
0.0899768
0.0858558
0.0896428
0.105496
0.0858558
0.108161
0.0858558
0.110794
0.111174
0.0896502
0.0858558
0.0858558
0.108043
0.0858558
0.105496
0.0858558
0.0910053
0.105496
0.108161
0.0858558
0.0896428
0.105496
0.108161
0.0858558
0.118708
0.0858558
0.0896428
0.0858558
0.0896428
0.0858558
0.0858558
0.0896428
0.0896428
0.0858558
0.0896428
0.0858558
0.0910053
0.0858558
0.0909298
0.113185
0.0858558
0.0874312
0.0858558
0.105788
0.105788
0.0858558
0.0858558
0.0858558
0.0896428
0.110557
0.11961
0.110891
0.0858558
0.127223
0.0858558
0.0858558
0.0858558
0.0858558
0.0858558
0.0918605
0.0858558
0.0910053
0.105496
0.0896428
0.108043
0.219571
0.118708
0.0886329
0.0858558
0.0915569
0.0858558
0.0858558
0.0858558
0.0858558
0.0910053
0.11512
0.0865963
0.0906584
0.105496
0.111732
0.0937425
0.0858558
0.0858558
0.0858558
0.0858558
0.0858558
0.088303
0.112328
0.0858558
0.0858558
0.0858558
0.0877886
0.0898133
0.0979703
0.119967
0.123311
0.0858558
0.0858558
0.0858558
0.0858558
0.0858558
0.0858558
0.0979703
0.0896428
0.0858558
0.133279
0.0858558
0.0858558
0.0926656
0.107957
0.10365
0.0858558
0.1096
0.0858558
0.0898719
0.0858558
0.105496
0.0858558
0.0858558
0.0896428
0.108691
0.0858558
0.0896428
0.0896428
0.0858558
0.0858558
0.093138
0.0999878
0.113185
0.158019
0.0858558
0.16061
0.0877886
0.140944
0.108043
0.0858558
0.0858558
0.0858558
0.118708
0.137138
0.105496
0.125976
0.0858558
0.0858558
0.0896428
0.0858558
0.0888986
0.109899
0.0896428
0.0858558
0.0858558
0.096225
0.0896428
0.107655
0.105496
0.113506
0.116032
0.109284
0.108933
0.0896428
0.0892908
0.233216
0.0858558
0.0858558
0.0882476
0.0858558
0.105496
0.0858558
0.0881425
0.105496
0.0874312
0.0858558
0.0858558
0.0858558
0.0858558
0.0858558
0.155885
0.0858558
0.0883327
0.108043
0.105496
0.108043
0.108691
0.0858558
0.0858558
0.0858558
0.0896428
0.0858558
0.105496
0.0975486
0.0899
0.0858558
0.0858558
0.113506
0.0858558
0.108043
0.108043
0.0888804
0.0896428
0.0858558
0.0858558
0.0858558
0.105496
0.0880095
0.0858558
0.0858558
0.105496
0.105496
0.0937425
0.0975486
0.118238
0.104833
0.0858558
0.0880095
0.0858558
0.0888986
0.0858558
0.0937425
0.0910053
0.105496
0.0900294
0.0858558
0.0858558
0.0858558
0.108043
0.0858558
0.0858558
0.0886329
0.0896428
0.0858558
0.0937425
0.10365
0.0858558
0.0858558
0.0858558
0.0858558
0.137445
0.0858558
0.0858558
0.0896428
0.0858558
0.0858558
0.0858558
0.0877886
0.0858558
0.0858558
0.0896428
0.0858558
0.105496
0.117646
0.0858558
0.0910053
0.172161
0.0858558
0.0897346
0.0858558
0.137445
0.0937425
0.137138
0.0896725
0.089788
0.0881606
0.108043
0.108664
0.105496
0.0896167
0.108043
0.0858558
0.0874312
0.0858558
0.11234
0.0858558
0.133279
0.0858558
0.0909298
0.162636
0.0882476
0.145367
0.0888986
0.0920606
0.0858558
0.11083
0.108043
0.155885
0.0937425
0.0858558
0.0858558
0.0858558
0.0858558
0.108043
0.0858558
0.107731
0.116493
0.0858558
0.0921656
0.0858558
0.0896428
0.0903959
0.119967
0.0858558
0.0858558
0.0858558
0.0858558
0.0858558
0.111412
0.105788
0.0896428
0.0896428
0.0858558
0.0858558
0.0896428
0.0858558
0.109549
0.0896725
0.0865963
0.0895724
0.0896428
0.0858558
0.11152
0.113713
0.0858558
0.0858558
0.0865963
0.119967
0.0928165
0.0858558
0.109602
0.0858558
0.0858558
0.0858558
0.0858558
0.0858558
0.0858558
0.0888804
0.0858558
0.0888986
0.0865963
0.0888804
0.0858558
0.0896428
0.0858558
0.108664
0.116469
0.0858558
0.0858558
0.0858558
0.0865963
0.0858558
0.0896428
0.0858558
0.106397
0.105496
0.0896467
0.108043
0.109602
0.0858558
0.11302
0.0858558
0.105496
0.0858558
0.0858558
0.0858558
0.0907626
0.0858558
0.0995111
0.0910053
0.108043
0.108043
0.0858558
0.0865963
0.0858558
0.0896428
0.108043
0.0858558
0.0895493
0.0921656
0.123311
0.0896428
0.0858558
0.11302
0.0858558
0.0896428
0.0896428
0.0896428
0.0858558
0.0896428
0.0858558
0.0896428
0.0858558
0.111412
0.115735
0.0858558
0.0896428
0.0896428
0.0858558
0.0858558
0.114468
0.108043
0.113185
0.0874312
0.0975486
0.105496
0.0858558
0.0865963
0.0858558
0.0865963
0.0858558
0.0896748
0.108043
0.1096
0.0858558
0.110837
0.0858558
0.105496
0.0858558
0.0910053
0.105788
0.0865963
0.0858558
0.0865963
0.0896428
0.0896428
0.0865963
0.158245
0.0858558
0.0858558
0.0858558
0.108043
0.121609
0.0858558
0.120388
0.0858558
0.0896428
0.0896428
0.0896428
0.0858558
0.108043
0.0858558
0.129563
0.0858558
0.114153
0.111647
0.0896428
0.108043
0.0865963
0.0865963
0.105496
0.0858558
0.125279
0.0865963
0.0858558
0.114555
0.0858558
0.0896428
0.0858558
0.0896467
0.0858558
0.0865963
0.0937425
0.0858558
0.104595
0.0896428
0.0896428
0.108043
0.121609
0.0858558
0.0858558
0.0858558
0.0858558
0.089788
0.108711
0.0896428
0.105496
0.0858558
0.0858558
0.0858558
0.0858558
0.0858558
0.10365
0.0858558
0.0865963
0.0858558
0.107852
0.0858558
0.0919654
0.0918605
0.0910053
0.0896428
0.0865963
0.108578
0.0858558
0.0858558
0.0858558
0.097512
0.0865963
0.0877886
0.0896428
0.0909298
0.108578
0.107957
0.108043
0.147772
0.0858558
0.0858558
0.0986694
0.0858558
0.0865963
0.0858558
0.135156
0.0937425
0.0918605
0.0858558
0.0858558
0.0865963
0.0858558
0.0865963
0.0858558
0.0858558
0.108043
0.121609
0.11802
0.108578
0.0858558
0.0858558
0.199868
0.114555
0.0915569
0.0858558
0.0865963
0.0896428
0.118999
0.0896428
0.0910053
0.0865963
0.17684
0.111145
0.105496
0.0858558
0.0858558
0.105496
0.0858558
0.113667
0.108161
0.108043
0.0858558
0.0896748
0.0858558
0.0865963
0.0858558
0.0858558
0.0858558
0.0865963
0.0858558
0.0865963
0.0919654
0.0858558
0.0865963
0.0865963
0.107957
0.0896428
0.0858558
0.0858558
0.0858558
0.0858558
0.0910053
0.0858558
0.0865963
0.0896725
0.0937425
0.121368
0.118499
0.0865963
0.0858558
0.0858558
0.0858558
0.0877886
0.0858558
0.105496
0.0937425
0.0865963
0.204329
0.0858558
0.10365
0.0858558
0.0896428
0.0858558
0.0858558
0.0858558
0.113189
0.0865963
0.0858558
0.135504
0.115307
0.108043
0.0865963
0.0888986
0.0937382
0.0882476
0.109899
0.0896428
0.0865963
0.0858558
0.106159
0.0896428
0.115307
0.107949
0.0858558
0.0975486
0.0874312
0.0858558
0.105289
0.0858558
0.108043
0.0865963
0.133279
0.0918605
0.0896428
0.0858558
0.0937382
0.0858558
0.0858558
0.105496
0.0858558
0.112088
0.0880095
0.0900294
0.1096
0.0896428
0.108043
0.0896428
0.0858558
0.140185
0.0858558
0.0858558
0.0865963
0.0904242
0.0910053
0.0858558
0.112345
0.0858558
0.136779
0.0858558
0.0865963
0.0858558
0.0874312
0.0858558
0.0858558
0.0910053
0.0909298
0.0865963
0.0858558
0.0910053
0.0858558
0.112088
0.0865963
0.0918605
0.0896428
0.0865963
0.157586
0.0865963
0.108844
0.124618
0.0933687
0.111302
0.0858558
0.122438
0.0931857
0.0858558
0.0858558
0.116526
0.0858558
0.128809
0.0865963
0.0877886
0.0858558
0.0896428
0.0858558
0.0865963
0.108043
0.0858558
0.0858558
0.0865963
0.0897346
0.0917909
0.0858558
0.0858558
0.103388
0.0858558
0.116526
0.0858558
0.0865963
0.0858558
0.0858558
0.0858558
0.108043
0.0865963
0.142929
0.0858558
0.0858558
0.0896428
0.0896428
0.107124
0.0895493
0.0865963
0.108043
0.108043
0.0858558
0.105496
0.103388
0.0888986
0.105496
0.102474
0.0865963
0.0896428
0.0858558
0.103695
0.0858558
0.0910053
0.0858558
0.0858558
0.0858558
0.0960657
0.0865963
0.0858558
0.0865963
0.0926656
0.0858558
0.0858558
0.0865963
0.0865963
0.0937382
0.0858558
0.0858558
0.0858558
0.0896428
0.116526
0.0858558
0.0865963
0.105496
0.0858558
0.105496
0.0896428
0.0858558
0.0858558
0.0865963
0.0865963
0.0926656
0.0896428
0.0896428
0.0874312
0.0896428
0.0858558
0.0858558
0.0858558
0.0865963
0.0858558
0.122293
0.0896428
0.114519
0.0858558
0.0858558
0.0858558
0.0858558
0.10365
0.0858558
0.105496
0.108043
0.0858558
0.0858558
0.0858558
0.0858558
0.109899
0.0858558
0.0865963
0.103388
0.0865963
0.0865963
0.0858558
0.108025
0.115803
0.108025
0.0910053
0.0865963
0.0858558
0.191354
0.0999878
0.0858558
0.0896428
0.0858558
0.0865963
0.108043
0.0881721
0.121313
0.0858558
0.0858558
0.0865963
0.122101
0.0895097
0.0858558
0.0858558
0.0926656
0.0858558
0.0896428
0.0905243
0.0858558
0.0858558
0.0858558
0.0896428
0.108043
0.105225
0.0865963
0.0858558
0.0858558
0.0898097
0.0858558
0.0858558
0.108043
0.113185
0.0858558
0.0858558
0.18054
0.108043
0.0858558
0.0858558
0.107957
0.113185
0.0937425
0.0858558
0.109899
0.0898719
0.108043
0.0858558
0.264718
0.0865963
0.0937382
0.116438
0.0858558
0.107731
0.0865963
0.104595
0.0858558
0.0858558
0.0896428
0.119642
0.105225
0.0858558
0.0896428
0.0858558
0.130901
0.0865963
0.0865963
0.0910053
0.0858558
0.0858558
0.0858558
0.0858558
0.0858558
0.0896428
0.0896428
0.0896428
0.0858558
0.0858558
0.0865963
0.109192
0.0858558
0.0865963
0.0858558
0.0896428
0.0885237
0.0937425
0.0858558
0.0983415
0.0858558
0.0858558
0.0865963
0.105496
0.108043
0.0858558
0.109602
0.0896428
0.0896428
0.108043
0.105496
0.0858558
0.105496
0.105496
0.0858558
0.0865963
0.0858558
0.0865963
0.0858558
0.0913138
0.107957
0.0858558
0.0858558
0.0858558
0.0858558
0.0865963
0.0896428
0.0858558
0.0858558
0.0865963
0.108043
0.0896428
0.0918605
0.0858558
0.0858558
0.105496
0.0858558
0.0858558
0.146195
0.0865963
0.0858558
0.0858558
0.0896428
0.0865963
0.0896428
0.109192
0.0926656
0.120591
0.0858558
0.0858558
0.0858558
0.0896428
0.0858558
0.0865963
0.111987
0.0865963
0.0858558
0.0858558
0.0858558
0.106159
0.0858558
0.0909298
0.0858558
0.0858558
0.0910053
0.0915569
0.0896428
0.0885237
0.0896428
0.0896428
0.117956
0.110837
0.089788
0.0858558
0.108043
0.0858558
0.0858558
0.0858558
0.0858558
0.0865963
0.110993
0.0858558
0.0896428
0.109602
0.0865963
0.0858558
0.0858558
0.0865963
0.0933687
0.0896428
0.0865963
0.0858558
0.0896428
0.0858558
0.0896428
0.0865963
0.0865963
0.102002
0.0865963
0.105496
0.0888804
0.112088
0.0858558
0.0865963
0.108043
0.105496
0.0858558
0.0858558
0.0858558
0.0933687
0.134713
0.0858558
0.0858558
0.0865963
0.0858558
0.0858558
0.0865963
0.0858558
0.0865963
0.0896428
0.105496
0.0865963
0.108043
0.0865963
0.0858558
0.0896502
0.0858558
0.0865963
0.11935
0.0865963
0.0858558
0.0858558
0.0933687
0.141469
0.0858558
0.0858558
0.105496
0.0858558
0.0926656
0.0918605
0.0896428
0.108691
0.0865963
0.0858558
0.0865963
0.0881721
0.105496
0.0858558
0.0858558
0.0937425
0.089788
0.0894098
0.0858558
0.0896428
0.0858558
0.0915202
0.0858558
0.118237
0.156374
0.0858558
0.105496
0.0858558
0.0858558
0.108043
0.0888986
0.0858558
0.0916886
0.0858558
0.0865963
0.117956
0.0865963
0.0858558
0.0858558
0.0865963
0.0858558
0.0896428
0.0865963
0.0910053
0.0858558
0.0896428
0.0858558
0.186086
0.0865963
0.112599
0.0858558
0.0937425
0.0858558
0.0858558
0.0865963
0.0858558
0.0910053
0.0858558
0.0858558
0.0858558
0.0900294
0.0858558
0.0896428
0.105496
0.0858558
0.0874312
0.0896428
0.0865963
0.0920606
0.116438
0.0865963
0.0865963
0.108933
0.0858558
0.0923778
0.112599
0.0858558
0.108664
0.0975486
0.0858558
0.0858558
0.0896428
0.137138
0.0858558
0.0896428
0.0881721
0.0865963
0.165823
0.105788
0.112599
0.0858558
0.0858558
0.104595
0.0858558
0.0858558
0.0911579
0.0865963
0.0937382
0.0858558
0.0937425
0.116156
0.109192
0.108043
0.0885456
0.0865963
0.0865963
0.0865963
0.0858558
0.0858558
0.0858558
0.0865963
0.0896428
0.145121
0.0896428
0.0858558
0.0858558
0.123311
0.0858558
0.150451
0.0858558
0.0865963
0.0858558
0.0858558
0.0858558
0.0979703
0.0858558
0.0896428
0.0865963
0.0881721
0.096225
0.0896428
0.0858558
0.0896428
0.0858558
0.0896467
0.0858558
0.0896428
0.0933687
0.108784
0.113713
0.0918605
0.111145
0.0858558
0.0894098
0.108691
0.0896428
0.107957
0.0896428
0.0865963
0.0858558
0.0896428
0.0858558
0.0911579
0.0900294
0.0865963
0.0858558
0.107957
0.0858558
0.0858558
0.0858558
0.165823
0.108043
0.0874312
0.0896428
0.0865963
0.0858558
0.105788
0.109602
0.0858558
0.0858558
0.0858558
0.0896428
0.0858558
0.0858558
0.0865963
0.0858558
0.108043
0.0896428
0.0858558
0.0858558
0.0858558
0.0896428
0.0858558
0.105496
0.0858558
0.172187
0.0910053
0.108043
0.0896428
0.0858558
0.109602
0.0858558
0.108043
0.111138
0.0865963
0.108043
0.0874312
0.172187
0.107281
0.0865963
0.0858558
0.0858558
0.0915569
0.0865963
0.0858558
0.108043
0.0858558
0.0858558
0.0858558
0.111348
0.0858558
0.0874312
0.0896428
0.0858558
0.0858558
0.0992624
0.105496
0.111348
0.0865963
0.0976043
0.0858558
0.0865963
0.0874312
0.0865963
0.0858558
0.0858558
0.0858558
0.117968
0.0865963
0.0858558
0.0865963
0.0865963
0.0865963
0.0865963
0.0858558
0.108043
0.1015
0.108578
0.117868
0.108043
0.0896428
0.0874312
0.108043
0.0865963
0.0865963
0.0896428
0.0858558
0.0858558
0.0858558
0.0918605
0.0975486
0.104595
0.0865963
0.0910053
0.0865963
0.11083
0.0858558
0.0903959
0.0979703
0.108347
0.0858558
0.0896428
0.100837
0.0865963
0.108664
0.105496
0.0858558
0.0879485
0.154484
0.0865963
0.0865963
0.0926656
0.0999878
0.0858558
0.0858558
0.0896428
0.0858558
0.0858558
0.0858558
0.108043
0.0858558
0.113506
0.0858558
0.0919654
0.0865963
0.0858558
0.0858558
0.110304
0.0858558
0.0858558
0.105788
0.0858558
0.0865963
0.0879485
0.111348
0.0858558
0.106073
0.0858558
0.138587
0.0888986
0.0896428
0.0916886
0.0858558
0.105496
0.0858558
0.0874312
0.0858558
0.0918605
0.0865963
0.0896428
0.0865963
0.090054
0.0896428
0.0858558
0.0865963
0.0858558
0.0858558
0.160626
0.0858558
0.0881425
0.0896428
0.0858558
0.0865963
0.0858558
0.0858558
0.0896428
0.0865963
0.0858558
0.0858558
0.0858558
0.0865963
0.0865963
0.0858558
0.0915569
0.0858558
0.0858558
0.0865963
0.0858558
0.108043
0.119967
0.089788
0.0858558
0.0882476
0.0865963
0.0858558
0.0960779
0.0865963
0.0858558
0.138699
0.0858558
0.108043
0.0896428
0.0865963
0.0865963
0.0858558
0.0896428
0.105496
0.105788
0.128562
0.0896502
0.0896428
0.13785
0.108347
0.0865963
0.132935
0.0858558
0.0858558
0.0896428
0.0886329
0.0858558
0.0896428
0.0926656
0.105198
0.0858558
0.0858558
0.0858558
0.0915569
0.0858558
0.0898378
0.0896428
0.0896428
0.0896428
0.0881606
0.110713
0.10365
0.0858558
0.0858558
0.113165
0.0858558
0.0881425
0.0910949
0.0858558
0.111174
0.109807
0.104833
0.0865963
0.0896467
0.0858558
0.105457
0.0858558
0.0858558
0.0877886
0.0865963
0.0896428
0.0858558
0.0858558
0.0858558
0.0858558
0.0858558
0.0858558
0.0858558
0.0858558
0.0888804
0.0858558
0.0865963
0.0896428
0.0896428
0.0858558
0.104595
0.0858558
0.0975486
0.0858558
0.0858558
0.0874312
0.117868
0.0865963
0.0858558
0.0865963
0.0858558
0.0858558
0.0858558
0.0865963
0.0858558
0.0858558
0.0858558
0.109602
0.0874312
0.0858558
0.0879485
0.0858558
0.116438
0.0865963
0.0858558
0.0858558
0.104912
0.0858558
0.0896428
0.117389
0.0865963
0.0895724
0.0917909
0.0937425
0.0865963
0.0858558
0.0937425
0.0858558
0.0865963
0.0865963
0.0865963
0.11107
0.0858558
0.0858558
0.0937425
0.0858558
0.0865963
0.0858558
0.0865963
0.0858558
0.0865963
0.0865963
0.0858558
0.0858558
0.0865963
0.0858558
0.0979703
0.0858558
0.0858558
0.0858558
0.116438
0.0858558
0.0896428
0.10365
0.0858558
0.0865963
0.117389
0.0858558
0.138708
0.0858558
0.0865963
0.0896428
0.0898378
0.0999878
0.105496
0.0858558
0.0865963
0.0858558
0.0858558
0.0916886
0.0881425
0.0865963
0.0858558
0.0865963
0.192056
0.113713
0.0858558
0.108043
0.0858558
0.0858558
0.0858558
0.0865963
0.0926656
0.0865963
0.0858558
0.117281
0.0858558
0.0896428
0.0896428
0.0918605
0.0858558
0.0865963
0.111715
0.0858558
0.0896428
0.0858558
0.0858558
0.0865963
0.0896428
0.108043
0.0858558
0.0975486
0.0858558
0.105496
0.0896428
0.138699
0.0896428
0.0858558
0.0896428
0.117396
0.0865963
0.0858558
0.0858558
0.0865963
0.0858558
0.0865963
0.0874312
0.0858558
0.0858558
0.0858558
0.0858558
0.0858558
0.0858558
0.0858558
0.0858558
0.0877886
0.108043
0.0858558
0.0858558
0.0858558
0.0865963
0.0858558
0.0865963
0.0896467
0.0915569
0.0858558
0.0858558
0.108043
0.0858558
0.161355
0.0865963
0.0865963
0.0896428
0.0926656
0.0858558
0.0896428
0.0915569
0.0865963
0.0858558
0.0858558
0.0858558
0.0865963
0.0858558
0.0865963
0.0858558
0.0865963
0.0896428
0.111676
0.0898719
0.0865963
0.0896428
0.0858558
0.0888986
0.0858558
0.0865963
0.0896428
0.108043
0.0858558
0.0858558
0.0865963
0.0865963
0.0910053
0.0910053
0.0865963
0.0858558
0.0896428
0.0858558
0.0858558
0.0896428
0.0918605
0.0858558
0.114051
0.107884
0.0858558
0.0865963
0.0858558
0.0885237
0.0865963
0.0865963
0.105788
0.0858558
0.0865963
0.0874312
0.0858558
0.129603
0.0858558
0.0858558
0.0858558
0.0896428
0.0865963
0.0858558
0.0858558
0.0858558
0.0979703
0.0858558
0.122772
0.0858558
0.232983
0.0858558
0.0858558
0.119967
0.104595
0.0865963
0.0865963
0.108043
0.0865963
0.0865963
0.0858558
0.109347
0.11264
0.0858558
0.0865963
0.0865963
0.115242
0.102545
0.0896502
0.119967
0.0865963
0.0900294
0.0858558
0.0858558
0.105496
0.0858558
0.0858558
0.108043
0.0858558
0.0865963
0.0858558
0.0858558
0.119967
0.0865963
0.0865963
0.115583
0.0858558
0.0858558
0.0874312
0.0865963
0.112744
0.0865963
0.0896467
0.112456
0.0896428
0.108711
0.0858558
0.0858558
0.0858558
0.0879485
0.0858558
0.0896428
0.0865963
0.0865963
0.0880095
0.0896428
0.0865963
0.0858558
0.0865963
0.0865963
0.0858558
0.0915569
0.105496
0.114051
0.0921656
0.0858558
0.10365
0.0858558
0.108043
0.0877886
0.0874312
0.102383
0.0865963
0.0896428
0.0858558
0.0865963
0.0926656
0.0865963
0.0865963
0.111138
0.0858558
0.0910053
0.108043
0.122772
0.0858558
0.0858558
0.0858558
0.0858558
0.0937425
0.0858558
0.0858558
0.0896428
0.0865963
0.0858558
0.0858558
0.0998266
0.0896428
0.0858558
0.0858558
0.0858558
0.108043
0.108043
0.0899056
0.089172
0.0909903
0.0926656
0.0918605
0.0975486
0.0858558
0.0858558
0.0858558
0.0896428
0.116438
0.0858558
0.0896428
0.0858558
0.108043
0.0865963
0.0858558
0.0858558
0.122772
0.0858558
0.121446
0.0865963
0.0971734
0.0888804
0.0910053
0.0865963
0.0896428
0.0865963
0.0858558
0.108043
0.0918605
0.0865963
0.0858558
0.136491
0.0858558
0.108043
0.0979703
0.0896428
0.0858558
0.105496
0.0858558
0.0858558
0.0858558
0.0858558
0.0858558
0.0896428
0.0858558
0.0874312
0.0918605
0.0865963
0.0858558
0.0865963
0.0858558
0.0858558
0.0896428
0.0858558
0.0858558
0.0858558
0.0858558
0.108933
0.0998266
0.0858558
0.0858558
0.0858558
0.111739
0.108043
0.111739
0.0858558
0.0858558
0.108043
0.0896428
0.0896428
0.108043
0.108043
0.0865963
0.0865963
0.0927752
0.0858558
0.105496
0.0858558
0.0858558
0.107488
0.0858558
0.0858558
0.105496
0.0998266
0.0898719
0.108043
0.0896428
0.107918
0.0926656
0.0858558
0.0858558
0.0858558
0.0865963
0.110162
0.0858558
0.108043
0.0865963
0.0885237
0.0858558
0.0858558
0.0858558
0.122772
0.0896428
0.0858558
0.0971779
0.105496
0.0915569
0.0971779
0.0909274
0.108043
0.0910053
0.0858558
0.0858558
0.12848
0.0986694
0.0858558
0.0858558
0.0858558
0.0858558
0.0995111
0.0858558
0.0858558
0.0858558
0.0995111
0.0858558
0.10365
0.0971734
0.0995111
0.0910053
0.0858558
0.0865963
0.0858558
0.0896428
0.108043
0.111348
0.0865963
0.0998266
0.090054
0.0915202
0.108043
0.0874312
0.0900259
0.0858558
0.0896428
0.0865963
0.107957
0.105788
0.11882
0.0865963
0.0975486
0.0858558
0.0858558
0.108043
0.105496
0.0858558
0.108043
0.0858558
0.0858558
0.0896428
0.0979703
0.0858558
0.0858558
0.0858558
0.117091
0.0858558
0.0858558
0.0865963
0.0906584
0.0912356
0.108043
0.0858558
0.0865963
0.0858558
0.0858558
0.0858558
0.0865963
0.0896502
0.0858558
0.0916886
0.0896502
0.0964704
0.105496
0.0888986
0.0858558
0.0865963
0.0858558
0.0858558
0.0858558
0.0894098
0.0858558
0.0865963
0.0900259
0.105496
0.0858558
0.108043
0.104595
0.0858558
0.118714
0.110785
0.0910053
0.0898765
0.0858558
0.0979075
0.105496
0.100099
0.0858558
0.0865963
0.0896428
0.0896428
0.0865963
0.0888986
0.131691
0.108043
0.0910053
0.0858558
0.0858558
0.0858558
0.0858558
0.108043
0.16686
0.0910053
0.0910949
0.0975486
0.0858558
0.0858558
0.107124
0.0865963
0.0858558
0.0865963
0.0858558
0.0858558
0.0858558
0.0865963
0.105496
0.0858558
0.0865963
0.0858558
0.0865963
0.122772
0.105496
0.108844
0.0858558
0.105496
0.0858558
0.0858558
0.0858558
0.0858558
0.0858558
0.0858558
0.0858558
0.0858558
0.0858558
0.0865963
0.0896428
0.0896428
0.0865963
0.0874312
0.109602
0.0858558
0.0858558
0.0858558
0.105496
0.0858558
0.1096
0.113189
0.124074
0.109899
0.224429
0.0858558
0.0865963
0.0888986
0.0858558
0.0858558
0.0858558
0.105496
0.0910053
0.0865963
0.0896428
0.0858558
0.108043
0.109602
0.0858558
0.0858558
0.0858558
0.0858558
0.0858558
0.0858558
0.0858558
0.0865963
0.0937425
0.0896428
0.0858558
0.0937382
0.0858558
0.0858558
0.0896428
0.0858558
0.0858558
0.0858558
0.0858558
0.0858558
0.0865963
0.108043
0.0858558
0.109899
0.0909274
0.109899
0.105496
0.0858558
0.0896375
0.0896428
0.0858558
0.0858558
0.0894098
0.0910053
0.0858558
0.0896428
0.0858558
0.0865963
0.0858558
0.0858558
0.0896428
0.0865963
0.0865963
0.0909903
0.0858558
0.0865963
0.109602
0.0858558
0.0865963
0.0858558
0.0898378
0.0937382
0.0896428
0.111138
0.0858558
0.112599
0.0858558
0.105788
0.0913138
0.0865963
0.104595
0.0858558
0.0858558
0.0858558
0.108043
0.0858558
0.0865963
0.0858558
0.104595
0.0858558
0.0874312
0.0858558
0.089788
0.108043
0.0858558
0.0858558
0.0858558
0.0896428
0.0895493
0.108043
0.0880095
0.089788
0.0865963
0.0858558
0.0858558
0.198363
0.0865963
0.0865963
0.198363
0.111138
0.0910053
0.0865963
0.118969
0.0892908
0.096225
0.0865963
0.0896428
0.0919654
0.0858558
0.0858558
0.105496
0.111604
0.124618
0.0858558
0.0858558
0.0896428
0.0858558
0.0933687
0.0858558
0.108043
0.0865963
0.119967
0.0918605
0.0874312
0.0900294
0.0858558
0.107957
0.111138
0.0865963
0.0858558
0.104595
0.108933
0.105788
0.0858558
0.0858558
0.0865963
0.0858558
0.0858558
0.108043
0.0910053
0.0865963
0.0865963
0.11908
0.0858558
0.0865963
0.0896428
0.0896428
0.0894098
0.0858558
0.0858558
0.0858558
0.0858558
0.0865963
0.0865963
0.0865963
0.0865963
0.0896428
0.0865963
0.0910053
0.0865963
0.0896428
0.0858558
0.141662
0.108043
0.0858558
0.169538
0.0858558
0.0858558
0.104185
0.108043
0.109899
0.0858558
0.0902579
0.0865963
0.108561
0.0858558
0.0865963
0.0858558
0.0858558
0.117956
0.0865963
0.0865963
0.108664
0.0865963
0.0896428
0.0896428
0.0858558
0.0858558
0.0865963
0.0858558
0.143252
0.108933
0.0995111
0.0865963
0.0865963
0.0981692
0.0858558
0.108043
0.0865963
0.0896428
0.0912356
0.0910053
0.0977944
0.0865963
0.0865963
0.0858558
0.119967
0.0865963
0.0858558
0.0858558
0.128575
0.0858558
0.0858558
0.0919654
0.0858558
0.0865963
0.0858558
0.0858558
0.0858558
0.0865963
0.0865963
0.0858558
0.0926656
0.0858558
0.0865963
0.0865963
0.108933
0.114891
0.0896428
0.0910053
0.0858558
0.0858558
0.130901
0.0858558
0.104833
0.0858558
0.104595
0.0858558
0.0896502
0.0858558
0.0858558
0.0858558
0.134958
0.11686
0.0858558
0.0858558
0.0858558
0.105496
0.0858558
0.0858558
0.117999
0.116438
0.0858558
0.0896428
0.0858558
0.0858558
0.0858558
0.121795
0.0910053
0.105496
0.0858558
0.0858558
0.0858558
0.120607
0.0858558
0.0858558
0.0865963
0.0865963
0.0858558
0.108043
0.121368
0.0896428
0.0858558
0.0896428
0.0865963
0.0858558
0.0874312
0.0858558
0.105496
0.0858558
0.0976961
0.0858558
0.0898719
0.108161
0.0896428
0.0858558
0.105225
0.0858558
0.0865963
0.12026
0.0865963
0.0858558
0.105496
0.0858558
0.0858558
0.109602
0.0858558
0.0865963
0.0896428
0.0858558
0.105496
0.0858558
0.0865963
0.107957
0.0926656
0.0858558
0.0865963
0.0865963
0.0858558
0.108043
0.0896428
0.0925263
0.0858558
0.107731
0.0865963
0.141042
0.0858558
0.0858558
0.0858558
0.108043
0.0896428
0.0896428
0.0858558
0.0865963
0.0858558
0.108043
0.0865963
0.0858558
0.0858558
0.0898378
0.109602
0.0858558
0.0865963
0.0895493
0.0874312
0.0858558
0.0865963
0.146195
0.0898719
0.0888986
0.0874312
0.0858558
0.0858558
0.0896428
0.107957
0.0937382
0.115242
0.0896428
0.0874312
0.0858558
0.0927752
0.0858558
0.0858558
0.0877886
0.0858558
0.0865963
0.089172
0.109549
0.0858558
0.0896428
0.0896428
0.108043
0.0865963
0.0865963
0.0858558
0.0858558
0.0858558
0.0865963
0.108043
0.0858558
0.0858558
0.0858558
0.104595
0.0858558
0.107957
0.108043
0.0877886
0.0858558
0.0865963
0.0858558
0.107957
0.0858558
0.0865963
0.0865963
0.0903657
0.0865963
0.0865963
0.10365
0.0858558
0.105496
0.108043
0.0858558
0.0858558
0.0858558
0.0896428
0.0874312
0.110785
0.0858558
0.182892
0.0858558
0.0906584
0.0865963
0.0896428
0.0858558
0.0858558
0.141112
0.0896428
0.0896428
0.0858558
0.0858558
0.0858558
0.0865963
0.0979703
0.0858558
0.0915202
0.0937425
0.107957
0.0937425
0.0877886
0.0865963
0.108933
0.0858558
0.0858558
0.096225
0.0858558
0.0874312
0.0858558
0.0858558
0.0858558
0.141112
0.108043
0.0858558
0.108043
0.0858558
0.0858558
0.0858558
0.108043
0.0865963
0.0858558
0.0865963
0.113234
0.108205
0.0858558
0.105788
0.0858558
0.0899768
0.132935
0.105496
0.0896428
0.0858558
0.0858558
0.0858558
0.132935
0.0865963
0.0858558
0.108933
0.0865963
0.0880095
0.0893342
0.0885237
0.0865963
0.0858558
0.0858558
0.109899
0.108043
0.0858558
0.109602
0.0865963
0.0858558
0.0858558
0.0858558
0.100837
0.109549
0.0858558
0.0973174
0.0858558
0.0858558
0.0865963
0.0858558
0.0858558
0.0858558
0.0858558
0.0858558
0.0858558
0.0858558
0.0858558
0.0858558
0.0858558
0.0858558
0.0865963
0.0975486
0.0874312
0.0881425
0.0865963
0.0896428
0.0858558
0.0926656
0.0888804
0.108043
0.0896428
0.108043
0.0896428
0.0865963
0.0896748
0.0865963
0.0858558
0.0858558
0.0858558
0.0874312
0.0858558
0.0858558
0.0896428
0.0858558
0.0926656
0.0865963
0.0896428
0.0896428
0.0865963
0.113506
0.0865963
0.176651
0.0858558
0.0896428
0.176651
0.0858558
0.0858558
0.107731
0.0858558
0.0865963
0.0858558
0.0865963
0.0986694
0.0900294
0.0879485
0.0858558
0.0858558
0.0858558
0.116493
0.0896428
0.0858558
0.0858558
0.0896428
0.0858558
0.0896428
0.0858558
0.0865963
0.0858558
0.0901427
0.0965903
0.0858558
0.0858558
0.0858558
0.0858558
0.0858558
0.0995111
0.0865963
0.0858558
0.10365
0.0900294
0.0865963
0.128575
0.0858558
0.0858558
0.0858558
0.0858558
0.0858558
0.108043
0.0858558
0.104595
0.0881721
0.104833
0.0896428
0.089788
0.112372
0.132122
0.0858558
0.0858558
0.136491
0.0858558
0.0865963
0.0910053
0.0858558
0.0895493
0.0865963
0.105496
0.0918605
0.0858558
0.108043
0.0858558
0.0937425
0.119585
0.108043
0.0858558
0.0896428
0.105496
0.0858558
0.0926656
0.0858558
0.0865963
0.0919654
0.0865963
0.0858558
0.0914036
0.0858558
0.0865963
0.0858558
0.0865963
0.0858558
0.0858558
0.135794
0.130901
0.0858558
0.0858558
0.0858558
0.0858558
0.0896428
0.0858558
0.089788
0.0865963
0.0858558
0.0865963
0.136491
0.0858558
0.0858558
0.0858558
0.0858558
0.0874312
0.0858558
0.0899
0.0906584
0.0858558
0.088303
0.105496
0.0858558
0.096225
0.0858558
0.149294
0.1125
0.0986694
0.110713
0.0858558
0.0896428
0.112345
0.101859
0.0858558
0.0865963
0.0898378
0.0865963
0.0858558
0.0858558
0.105788
0.0915569
0.0858558
0.0865963
0.0858558
0.0858558
0.0858558
0.111241
0.110891
0.105496
0.163402
0.0858558
0.0865963
0.0983415
0.149294
0.0858558
0.0858558
0.0858558
0.0953616
0.0858558
0.0896428
0.12065
0.0858558
0.0858558
0.12065
0.149294
0.105788
0.0858558
0.0858558
0.111348
0.0858558
0.0975486
0.0896428
0.0942637
0.119967
0.0858558
0.0896428
0.0858558
0.0865963
0.0865963
0.0858558
0.0918605
0.0874312
0.0858558
0.116345
0.108043
0.0910053
0.0926656
